14,10
24,1
24,3
14,9
3,2
3,1
3,3
10,175
10,219
10,189
10,303
10,285
10,27
10,25
11,17
11,7
11,11
11,14
11,4
11,25
9,5
8,4
8,12
8,15
8,11
8,18
0,516
12,2
12,1
12,3
19,2
259,590
259,589
259,588
259,587
259,586
259,585
259,584
259,583
259,582
259,581
259,580
259,579
259,578
259,577
259,576
259,575
259,574
259,573
259,572
259,571
259,570
259,569
259,568
259,567
259,566
259,565
259,564
259,563
259,562
259,561
259,560
259,1
223,5
223,4
223,3
223,2
223,1
217,3
217,1
215,4
215,3
215,1
214,4
214,3
214,2
214,1
103,45
103,44
103,43
103,42
103,41
103,40
103,39
103,38
103,37
103,36
103,35
103,34
103,33
103,32
103,31
103,23
103,22
103,21
103,20
103,19
103,18
103,15
103,14
103,13
103,12
103,10
103,9
103,6
103,3
103,1
84,4
84,3
84,1
65,3
65,1
46,4
46,3
18,1
18,3
46,1
43,4
43,3
43,1
32,5
32,3
14,1
32,1
